{"ind": ["P002", "P004", "P005", "P006", "P007", "P009", "P010", "P011", "P012", "P013", "P015", "P016", "P017", "P018", "P019", "P020", "P021", "P022", "P023", "P024", "P025", "P026", "P027", "P028", "P029", "P030", "P031", "P032", "P033", "P034", "P035", "P036", "P037", "P038", "P039", "P040", "P041", "P042", "P043", "P044", "P045", "P046", "P047", "P048", "P049", "P050", "P051", "P052", "P053", "P054", "P055", "P056", "P057", "P058", "P059", "P060", "P061", "P062", "P063", "P064", "P066", "P067", "P068", "P069", "P070", "P071", "P072", "P073", "P074", "P075", "P076", "P077", "P078", "P079", "P080", "P081", "P082", "P083", "P084", "P085", "P086", "P087", "P088", "P089", "P090", "P091", "P092", "P093", "P094", "P095", "P096", "P097", "P098", "P099", "P100", "P101", "P102", "P103", "P104", "P109", "P110", "P111", "P112"], "vars": ["Q86Y22", "Q32M88", "Q8IVN8", "P68871", "Q6UWY5", "P16157", "P00915", "Q15109", "Q6NZI2", "P11277", "P02753"], "corr": [[0.0, 0.05092156209808528, 0.07948714186580834, -0.015795207525250737, -0.11849273471656364, -0.129990403022462, -0.03244554245602397, 0.25437676645843, 0.007922613862849206, -0.08003631068459954, -0.010222587838473825], [0.05092156209808528, 0.0, 0.9990165396449979, 0.4571833109133241, 0.1681363878925869, 0.24039820925455027, 0.4233734312792034, 0.9468294942058537, 0.9117929918834053, 0.9762601365126486, 0.9513848297102266], [0.07948714186580834, 0.9990165396449979, 0.0, 0.49663195678106403, 0.20262600406972975, 0.23466911203686505, 0.4260501325199489, 0.9506192383522777, 0.9176939306359727, 0.9820836965566986, 0.9535207799757477], [-0.015795207525250737, 0.4571833109133241, 0.49663195678106403, 0.0, -0.21234345747349354, 0.27514422080494155, 0.9854384276702001, 0.19217444311668724, 0.16550374156980346, 0.04075191486770828, 0.12142235077977044], [-0.11849273471656364, 0.1681363878925869, 0.20262600406972975, -0.21234345747349354, 0.0, 0.0, -0.0591464405278732, 0.16454026465090782, 0.09585991740020412, 0.4233953303308246, 0.28445378212170047], [-0.129990403022462, 0.24039820925455027, 0.23466911203686505, 0.27514422080494155, 0.0, 0.0, 0.0, 0.19259396160060874, -0.06563599254226879, 0.23155215557692552, 0.05548419893892864], [-0.03244554245602397, 0.4233734312792034, 0.4260501325199489, 0.9854384276702001, -0.0591464405278732, 0.0, 0.0, 0.198893403761944, 0.1542085009818898, 0.08054770441231408, 0.15801281645167858], [0.25437676645843, 0.9468294942058537, 0.9506192383522777, 0.19217444311668724, 0.16454026465090782, 0.19259396160060874, 0.198893403761944, 0.0, 0.9174570442944394, 0.953192034416409, 0.9607712826117613], [0.007922613862849206, 0.9117929918834053, 0.9176939306359727, 0.16550374156980346, 0.09585991740020412, -0.06563599254226879, 0.1542085009818898, 0.9174570442944394, 0.0, 0.9276633893087401, 0.9530532669862476], [-0.08003631068459954, 0.9762601365126486, 0.9820836965566986, 0.04075191486770828, 0.4233953303308246, 0.23155215557692552, 0.08054770441231408, 0.953192034416409, 0.9276633893087401, 0.0, 0.9638670556218473], [-0.010222587838473825, 0.9513848297102266, 0.9535207799757477, 0.12142235077977044, 0.28445378212170047, 0.05548419893892864, 0.15801281645167858, 0.9607712826117613, 0.9530532669862476, 0.9638670556218473, 0.0]], "dat": [[2.463, 1.992, 0.985, 0.39799999999999996, 1.376, 1.246, 0.8140000000000001, 0.8220000000000001, 0.6709999999999999, 3.1180000000000003, 1.3559999999999999, 0.706, 1.2930000000000001, 1.308, 0.998, 2.064, 1.9409999999999998, 0.997, 0.6629999999999999, 1.5019999999999998, 1.568, 1.2109999999999999, 1.133, 1.327, 4.194, 0.86, 4.367, 1.893, 2.418, 1.485, 0.904, 1.31, 5.406000000000001, 1.122, 0.907, 0.171, 1.192, 2.998, 1.195, 0.835, 5.351, 0.28300000000000003, 1.024, 1.484, 2.062, 16.0, 16.0, 5.726, 0.732, 3.3689999999999998, 7.402, 0.94, 0.45899999999999996, 0.9620000000000001, 1.065, 1.0170000000000001, 0.54, 0.541, 1.055, 0.879, 0.292, 0.386, 0.777, 1.364, 1.819, 0.993, 1.121, 4.166, 1.431, 0.9540000000000001, 1.339, 0.9079999999999999, 0.382, 0.7929999999999999, 0.78, 0.772, 0.39299999999999996, 0.9990000000000001, 0.7290000000000001, 0.833, 1.2409999999999999, 0.794, 1.28, 0.723, 0.6990000000000001, 0.9079999999999999, 0.8320000000000001, 0.556, 0.726, 0.462, 0.773, 0.8190000000000001, 0.6759999999999999, 0.688, 0.838, 1.524, 1.963, 0.396, 0.42700000000000005, 0.433, 0.33, 0.326, 0.41600000000000004], [0.226, 0.45399999999999996, 0.55, 0.27899999999999997, 0.332, 0.33399999999999996, 0.385, 0.28, 0.29, 0.377, 0.335, 0.336, 0.579, 0.23800000000000002, 0.21100000000000002, 0.457, 0.231, 0.262, 0.42700000000000005, 0.37200000000000005, 0.691, 0.462, 0.615, 0.664, 0.36200000000000004, 0.46399999999999997, 0.21, 0.451, 0.517, 0.433, 0.48100000000000004, 0.414, 0.369, 0.385, 0.429, 0.265, 0.223, 0.35700000000000004, 0.276, 0.242, 0.195, 0.273, 0.35100000000000003, 0.39799999999999996, 0.45, 0.46399999999999997, 0.272, 0.758, 0.493, 0.358, 0.327, 0.14400000000000002, 0.314, 0.081, 0.18899999999999997, 0.369, 0.715, 0.504, 0.247, 0.33299999999999996, 0.5670000000000001, 0.319, 0.33799999999999997, 5.143, 0.49, 0.284, 0.254, 0.35, 0.187, 0.239, 0.349, 0.301, 0.273, 1.194, 0.638, 0.32799999999999996, 0.36, 1.482, 0.461, 0.405, 0.263, 0.23399999999999999, 0.307, 0.784, 0.251, 0.215, 0.413, 0.28, 0.40299999999999997, 0.10099999999999999, 0.5529999999999999, 0.584, 0.151, 0.15, 0.377, 0.233, 0.195, 0.413, 0.177, 0.424, 0.25, 0.31, 1.001], [0.247, 0.455, 0.598, 0.299, 0.37, 0.342, 0.41200000000000003, 0.3, 0.287, 0.41100000000000003, 0.331, 0.35200000000000004, 0.5760000000000001, 0.258, 0.22, 0.467, 0.24600000000000002, 0.28800000000000003, 0.43700000000000006, 0.413, 0.746, 0.501, 0.644, 0.679, 0.35600000000000004, 0.483, 0.22399999999999998, 0.484, 0.512, 0.502, 0.499, 0.45299999999999996, 0.368, 0.409, 0.414, 0.239, 0.255, 0.39299999999999996, 0.309, 0.295, 0.20600000000000002, 0.284, 0.359, 0.406, 0.491, 0.467, 0.299, 0.747, 0.52, 0.391, 0.337, 0.147, 0.317, 0.085, 0.193, 0.366, 0.647, 0.48700000000000004, 0.21100000000000002, 0.31, 0.5820000000000001, 0.29100000000000004, 0.301, 6.053999999999999, 0.483, 0.23399999999999999, 0.256, 0.363, 0.21, 0.244, 0.35, 0.304, 0.265, 1.157, 0.621, 0.337, 0.368, 1.495, 0.455, 0.387, 0.217, 0.22699999999999998, 0.305, 0.794, 0.267, 0.21899999999999997, 0.424, 0.26899999999999996, 0.41200000000000003, 0.11199999999999999, 0.595, 0.5870000000000001, 0.16399999999999998, 0.153, 0.379, 0.23399999999999999, 0.193, 0.45299999999999996, 0.17800000000000002, 0.425, 0.253, 0.31, 0.9740000000000001], [0.5770000000000001, 1.197, 0.9159999999999999, 0.376, 0.262, 0.47700000000000004, 0.601, 0.32899999999999996, 0.222, 0.43, 0.625, 0.5539999999999999, 1.25, 0.457, 0.353, 0.574, 0.217, 1.001, 0.409, 0.84, 1.0090000000000001, 1.0959999999999999, 1.1520000000000001, 1.102, 0.337, 0.799, 0.605, 0.718, 1.087, 0.5720000000000001, 0.593, 1.008, 0.58, 0.536, 0.917, 0.294, 0.187, 0.682, 0.444, 0.498, 0.4, 0.294, 0.38, 0.691, 0.7829999999999999, 0.75, 0.47700000000000004, 1.8, 1.127, 1.042, 0.263, 0.132, 0.434, 0.069, 0.315, 0.314, 0.47200000000000003, 0.705, 0.33, 0.429, 0.8540000000000001, 0.97, 0.701, 1.4909999999999999, 0.331, 0.38799999999999996, 0.511, 0.737, 0.26, 0.34299999999999997, 0.731, 0.35600000000000004, 0.382, 1.686, 0.596, 0.547, 0.599, 1.207, 0.612, 1.012, 0.42100000000000004, 0.35200000000000004, 0.449, 1.475, 0.6409999999999999, 0.239, 0.987, 1.081, 0.82, 0.772, 0.904, 1.318, 0.505, 0.409, 1.3130000000000002, 1.081, 0.44799999999999995, 0.98, 0.752, 1.213, 0.618, 1.571, 2.2969999999999997], [1.042, 1.315, 2.5660000000000003, 2.125, 1.4369999999999998, 1.531, 1.726, 1.091, 1.4, 1.607, 1.444, 1.155, 2.206, 1.3630000000000002, 1.188, 1.442, 1.156, 1.369, 1.194, 3.3369999999999997, 1.264, 1.358, 1.13, 1.237, 1.9509999999999998, 1.5390000000000001, 1.341, 16.0, 1.4380000000000002, 1.124, 1.197, 1.365, 1.58, 1.063, 1.936, 1.354, 1.5030000000000001, 1.632, 1.255, 0.981, 1.236, 0.337, 0.245, 5.319, 1.295, 0.586, 0.9, 1.131, 1.208, 1.125, 1.119, 1.069, 2.175, 0.606, 1.041, 0.755, 1.319, 1.175, 1.048, 1.093, 1.206, 1.443, 1.482, 1.147, 1.3319999999999999, 1.436, 1.714, 1.266, 1.281, 1.348, 1.6, 1.2830000000000001, 0.633, 0.8440000000000001, 0.7020000000000001, 1.271, 1.01, 1.051, 0.93, 1.466, 1.127, 1.5130000000000001, 1.4580000000000002, 1.105, 2.279, 0.63, 1.681, 1.244, 1.128, 1.0070000000000001, 1.4769999999999999, 1.7109999999999999, 2.28, 2.369, 2.269, 1.012, 1.337, 1.258, 1.065, 0.614, 3.4739999999999998, 0.6579999999999999, 0.387], [1.29, 1.649, 1.27, 1.641, 1.825, 0.813, 1.125, 0.77, 0.539, 1.163, 0.946, 0.946, 1.345, 0.9590000000000001, 1.033, 1.022, 0.934, 1.659, 0.847, 1.214, 1.454, 1.3, 1.295, 1.26, 1.495, 1.074, 1.3630000000000002, 1.217, 1.724, 0.721, 0.9309999999999999, 1.6369999999999998, 1.45, 1.101, 1.178, 3.398, 0.688, 1.09, 1.056, 0.8740000000000001, 1.473, 0.519, 0.804, 0.721, 1.597, 1.403, 1.374, 1.4369999999999998, 2.049, 1.44, 1.214, 0.871, 1.103, 0.375, 1.087, 0.496, 1.155, 1.0590000000000002, 1.02, 1.077, 0.9740000000000001, 1.4340000000000002, 1.1640000000000001, 1.018, 1.078, 0.62, 0.985, 1.35, 0.58, 0.6890000000000001, 2.059, 0.8809999999999999, 0.8640000000000001, 1.34, 0.985, 0.99, 0.885, 0.8, 0.927, 1.1079999999999999, 1.127, 0.965, 1.18, 1.7519999999999998, 1.496, 0.7490000000000001, 0.981, 2.3169999999999997, 1.297, 1.817, 1.123, 1.9509999999999998, 1.617, 1.1320000000000001, 1.297, 1.49, 1.285, 1.601, 1.81, 1.5190000000000001, 1.379, 1.5830000000000002, 1.8719999999999999], [0.552, 1.18, 0.9229999999999999, 0.812, 0.696, 0.439, 0.557, 0.385, 0.27, 0.59, 0.688, 0.598, 1.173, 0.42200000000000004, 0.349, 0.545, 0.258, 0.905, 0.486, 0.909, 0.9159999999999999, 1.198, 1.189, 1.138, 0.26899999999999996, 0.879, 0.612, 0.58, 1.275, 0.65, 0.6509999999999999, 0.852, 0.608, 0.439, 1.0290000000000001, 0.27699999999999997, 0.27899999999999997, 0.638, 0.48, 0.642, 0.377, 0.306, 0.429, 0.6679999999999999, 0.8740000000000001, 0.584, 0.494, 1.6269999999999998, 1.126, 0.909, 0.341, 0.13699999999999998, 0.509, 0.083, 0.386, 0.354, 0.569, 0.742, 0.371, 0.47100000000000003, 0.845, 1.064, 0.757, 1.4080000000000001, 0.34700000000000003, 0.40399999999999997, 0.502, 0.5770000000000001, 0.184, 0.287, 0.747, 0.42, 0.37799999999999995, 1.8969999999999998, 0.593, 0.573, 0.5770000000000001, 1.483, 0.5770000000000001, 1.04, 0.42, 0.34600000000000003, 0.5870000000000001, 1.462, 0.77, 0.28800000000000003, 0.716, 0.861, 0.753, 0.654, 0.943, 1.317, 0.431, 0.42100000000000004, 1.6580000000000001, 0.862, 0.462, 0.894, 0.6409999999999999, 1.0659999999999998, 0.522, 1.037, 2.331], [0.193, 0.307, 0.45, 0.23199999999999998, 0.278, 0.272, 0.157, 0.382, 0.272, 0.512, 0.313, 0.226, 0.312, 0.413, 0.32, 0.375, 0.387, 0.249, 0.315, 0.381, 0.725, 0.297, 0.39899999999999997, 0.375, 0.8909999999999999, 0.499, 0.376, 1.081, 0.506, 0.26, 0.53, 0.752, 0.408, 0.679, 0.242, 0.36200000000000004, 0.33399999999999996, 0.324, 0.256, 0.20600000000000002, 0.182, 0.196, 0.18600000000000003, 0.35700000000000004, 0.156, 0.28800000000000003, 0.414, 0.555, 0.308, 0.267, 0.731, 0.28300000000000003, 0.209, 0.271, 0.255, 0.223, 0.5529999999999999, 0.195, 0.22399999999999998, 0.565, 0.29, 0.264, 0.295, 3.42, 0.595, 0.203, 0.153, 0.515, 0.451, 0.209, 0.39399999999999996, 0.193, 0.175, 0.784, 0.467, 0.19699999999999998, 0.20600000000000002, 1.232, 0.379, 0.179, 0.159, 0.214, 0.292, 0.563, 0.3, 0.469, 0.212, 0.217, 0.469, 0.363, 0.525, 0.254, 0.11599999999999999, 0.233, 0.319, 0.17, 0.158, 0.207, 0.159, 0.231, 0.171, 0.217, 0.366], [0.332, 0.278, 0.6559999999999999, 0.32799999999999996, 0.35600000000000004, 0.384, 0.313, 0.268, 0.299, 0.342, 0.233, 0.429, 0.26899999999999996, 0.40299999999999997, 0.551, 0.319, 0.608, 0.302, 0.289, 0.397, 0.47200000000000003, 0.27899999999999997, 0.365, 0.317, 0.428, 0.34, 0.662, 0.37799999999999995, 0.35200000000000004, 0.45299999999999996, 0.777, 0.599, 0.493, 0.698, 0.325, 0.392, 0.321, 0.32, 0.43700000000000006, 0.337, 0.22399999999999998, 0.34299999999999997, 0.26, 0.483, 0.428, 0.39899999999999997, 0.183, 0.598, 0.172, 0.168, 0.42100000000000004, 0.326, 0.237, 0.414, 0.175, 0.461, 1.162, 0.299, 0.23399999999999999, 0.337, 0.41600000000000004, 0.389, 0.593, 2.8489999999999998, 0.261, 0.27699999999999997, 0.26899999999999996, 0.382, 0.675, 0.32299999999999995, 0.379, 0.171, 0.325, 0.758, 0.537, 0.231, 0.313, 1.321, 0.49, 0.51, 0.22899999999999998, 0.295, 0.24100000000000002, 0.483, 0.354, 0.618, 0.597, 0.303, 0.309, 0.48100000000000004, 0.365, 0.21100000000000002, 0.321, 0.271, 0.69, 0.188, 0.195, 0.344, 0.289, 0.32299999999999995, 0.16, 0.39299999999999996, 0.382], [0.272, 0.324, 0.321, 0.257, 0.46399999999999997, 0.177, 0.262, 0.301, 0.435, 0.196, 0.2, 0.273, 0.22899999999999998, 0.268, 0.258, 0.473, 0.345, 0.225, 0.384, 0.332, 0.29100000000000004, 0.255, 0.316, 0.38, 0.4, 0.253, 0.396, 0.41, 0.27399999999999997, 0.195, 0.43799999999999994, 0.209, 0.247, 0.479, 0.242, 0.39299999999999996, 0.261, 0.18899999999999997, 0.165, 0.36700000000000005, 0.172, 0.217, 0.187, 0.228, 0.177, 0.259, 0.14800000000000002, 0.28600000000000003, 0.14400000000000002, 0.187, 0.20600000000000002, 0.209, 0.163, 0.255, 0.21, 0.213, 1.074, 0.244, 0.171, 0.17300000000000001, 0.39, 0.249, 0.245, 7.584, 0.41, 0.141, 0.171, 0.257, 0.258, 0.212, 0.34700000000000003, 0.17300000000000001, 0.17300000000000001, 0.7040000000000001, 0.5579999999999999, 0.217, 0.192, 1.517, 0.439, 0.20199999999999999, 0.139, 0.20199999999999999, 0.185, 0.324, 0.177, 0.27899999999999997, 0.179, 0.23600000000000002, 0.263, 0.24600000000000002, 0.358, 0.35600000000000004, 0.21600000000000003, 0.264, 0.341, 0.139, 0.13699999999999998, 0.27, 0.13699999999999998, 0.161, 0.151, 0.22899999999999998, 0.26], [0.364, 0.391, 0.649, 0.44299999999999995, 0.32799999999999996, 0.43700000000000006, 0.263, 0.467, 0.449, 0.606, 0.249, 0.434, 0.35700000000000004, 0.387, 0.583, 0.48200000000000004, 0.9470000000000001, 0.424, 0.47200000000000003, 0.44799999999999995, 0.6829999999999999, 0.373, 0.575, 0.48100000000000004, 0.843, 0.552, 0.509, 0.564, 0.519, 0.439, 0.7120000000000001, 0.539, 0.47, 1.493, 0.441, 0.547, 0.484, 0.657, 0.515, 0.41100000000000003, 0.337, 0.303, 0.303, 0.525, 0.256, 0.396, 0.319, 0.5479999999999999, 0.31, 0.17800000000000002, 0.5720000000000001, 0.327, 0.513, 0.586, 0.324, 0.579, 0.98, 0.387, 0.48, 0.542, 0.54, 0.606, 0.506, 3.826, 0.449, 0.336, 0.28, 0.387, 0.634, 0.433, 0.669, 0.249, 0.226, 0.693, 0.785, 0.27, 0.34600000000000003, 1.218, 0.574, 0.39899999999999997, 0.309, 0.405, 0.536, 0.508, 0.27699999999999997, 0.6809999999999999, 0.633, 0.514, 0.581, 0.475, 0.503, 0.48100000000000004, 0.281, 0.23800000000000002, 0.41600000000000004, 0.294, 0.237, 0.292, 0.243, 0.376, 0.253, 0.374, 0.527]]}